Width of the image: 110
Height of image: 110
Number of pixels: 12100
Image format: RGBA
R[00] 12100 G[00]  9344 R[00] 12100
            G[e8]  2756            
CLUT[0] 00, 00, 00
CLUT[1] 00, 0e, 00
size of EXP_buffer: 1512.4
00000000000000000000000000000000000000000000000000000000000000000000000000000000000000000000000000000000000000
00000000000000000000000000000000000000000000000000000000000000000000000000000000000000000000000000000000000000
00000000000000000000000000000000000000000000000000000000000000000000000000000000000000000000000000000000000000
00000000000000000000000000000000000000000000000000000000000000000000000000000000000000000000000000000000000000
00000000000000000000000000000000000000000000000000000000000000000000000000000000000000000000000000000000000000
00000000000000000000000000000000000000000000000000000000000000000000000000000000000000000000000000000000000000
00000000000000000000000000000000000000000000000000000000000000000000000000000000000000000000000000000000000000
00000000000000000000000000000000000000000000000000000000000000000000000000000000000000000000000000000000000000
00000000000000000000000000000000000000000000000000000000000000000000000000000000000000000000000000000000000000
00000000000000000000000000000000000000000000000000000000000000000000000000000000000000000000000000000000000000
00000000000000000000000000000000000000000000000000000000001100000000000000000000000000000000000000000000000000
00000000000000000000000000000000000000000000000000000010111111100000000000000000000000000000000000000000000000
00000000000000000000000000000000000000000000000000000011111111100000000000000000000000000000000000000000000000
00000000000000000000000000000000000000000000000000001111111111110000000000000000000000000000000000000000000000
00000000000000000000000000000000000000000000000000000111111111110000000000000000000000000000000000000000000000
00000000000000000000000000000000000000000000000000001111111111110000000000000000000000000000000000000000000000
00000000000000000000000000000000000000000000000000011111111111110000000000000000000000000000000000000000000000
00000000000000000000000000000000000000000000000010111111111111110000000000000000000000000000000000000000000000
00000000000000000000000000000000000000000000000001111111111111110000000000000000000000000000000000000000000000
00000000000000000000000000000000000000000000000011111111111111110000000000000000000000000000000000000000000000
00000000000000000000000000000000000000000000000111111111111111110000000000000000000000000000000000000000000000
00000000000000000000000000000000000000000000101111111111111111110000000000000000000000000000000000000000000000
00000000000000000000000000000000000000000000111111111111111111110000000000000000000000000000000000000000000000
00000000000000000000000000000000000000000011111111111111111111110000000000000000000000000000000000000000000000
00000000000000000000000000000000000000000001111111111111111111110000000000000000000000000000000000000000000000
00000000000000000000000000000000000000000011111111111111111111110000000000000000000000000000000000000000000000
00000000000000000000000000000000000000000111111111111111111111110000000000000000000000000000000000000000000000
00000000000000000000000000000000000000101111111111111111111111110000000000000000000000000000000000000000000000
00000000000000000000000000000000000000011111111111111111111111110000000000000000000000000000000000000000000000
00000000000000000000000000000000000000111111111111111111111111110000000000000000000000000000000000000000000000
00000000000000000000000000000000000001111111111111110111111111110111111111111111111111111111000000000000000000
00000000000000000000000000000000001011111111111111100111111111111111111111111111111111111111111000000000000000
00000000000000000000000000000000001111111111111111010111111111111111111111111111111111111111111100000000000000
00000000000000000000000000000000111111111111111110000111111111111111111111111111111111111111111101000000000000
00000000000000000000000000000000011111111111111100000111111111111111111111111111111111111111111110000000000000
00000000000000000000000000000000111111111111111000000111111111111111111111111111111111111111111110000000000000
00000000000000000000000000000001111111111111110100000111111111111111111111111111111111111111111110000000000000
00000000000000000000000000001011111111111111100000000111111111111111111111111111111111111111111110000000000000
00000000000000000000000000000111111111111111000000000011111111111111111111111111111111111111111110000000000000
00000000000000000000000000001111111111111110000000000001111111111111111111111111111111111111111110000000000000
00000000000000000000000000011111111111111101000000000010111111111111111111111111111111111111111110000000000000
00000000000000000000000010111111111111111000000000000000011111111111111111111111111111111111111110000000000000
00000000000000000000000011111111111111110100000000000000000000000000000000000000000000111111111110000000000000
00000000000000000000001111111111111111100000000000000000000000000000000000000000000000111111111110000000000000
00000000000000000000000111111111111111000000000000000000000000000000000000000000000000111111111110000000000000
00000000000000000000001111111111111110000000000000000000000000000000000000000000000000111111111110000000000000
00000000000000000000011111111111111101000000000000000000000000000000000000000000000000111111111110000000000000
00000000000000000010111111111111111000000000000000000000000000000000000000000000000000111111111110000000000000
00000000000000000001111111111111110000000000000000000000000000000000000000000000000000111111111110000000000000
00000000000000000011111111111111100000000000000000000000000000000000000000000000000000111111111110000000000000
00000000000000000111111111111111010000000000000000000000000000000000000000000000000000111111111110000000000000
00000000000000101111111111111110000000000000000000000000000000000000000000000000000000111111111110000000000000
00000000000000111111111111111101000000000000000000000000000000000000000000000000000000111111111110000000000000
00000000000000111111111111111000000000000000000000000000000000000000000000000000000000111111111110000000000000
00000000000000111111111111110000000000000000000000000000000000000000000000000000000000111111111110000000000000
00000000000000111111111111100000000000000000000000000000000000000000000000000000000000111111111110000000000000
00000000000000111111111111110000000000000000000000000000000000000000000000000000000000111111111110000000000000
00000000000000111111111111111000000000000000000000000000000000000000000000000000000000111111111110000000000000
00000000000000111111111111111100000000000000000000000000000000000000000000000000000000111111111110000000000000
00000000000000001111111111111110000000000000000000000000000000000000000000000000000000111111111110000000000000
00000000000000001111111111111111000000000000000000000000000000000000000000000000000000111111111110000000000000
00000000000000000111111111111111100000000000000000000000000000000000000000000000000000111111111110000000000000
00000000000000000011111111111111110000000000000000000000000000000000000000000000000000111111111110000000000000
00000000000000000001111111111111111000000000000000000000000000000000000000000000000000111111111110000000000000
00000000000000000000111111111111111110000000000000000000000000000000000000000000000000111111111110000000000000
00000000000000000000001111111111111110000000000000000000000000000000000000000000000000111111111110000000000000
00000000000000000000001111111111111111000000000000000000000000000000000000000000000000111111111110000000000000
00000000000000000000000111111111111111100000000000000000000000000000000000000000000000111111111110000000000000
00000000000000000000000011111111111111110000000000000000000000000000000000000000000000111111111110000000000000
00000000000000000000000000111111111111111000000000000000000000000000000000000000000000011111111110000000000000
00000000000000000000000000111111111111111100000000000000111111111111111111111111111111111111111110000000000000
00000000000000000000000000011111111111111110000000000001111111111111111111111111111111111111111110000000000000
00000000000000000000000000001111111111111111000000000111111111111111111111111111111111111111111110000000000000
00000000000000000000000000000111111111111111100000000111111111111111111111111111111111111111111110000000000000
00000000000000000000000000000011111111111111111000000111111111111111111111111111111111111111111110000000000000
00000000000000000000000000000000111111111111111000000111111111111111111111111111111111111111111110000000000000
00000000000000000000000000000000111111111111111100000111111111111111111111111111111111111111111110000000000000
00000000000000000000000000000000011111111111111110000111111111111111111111111111111111111111111110000000000000
00000000000000000000000000000000001111111111111111000111111111111111111111111111111111111111111100000000000000
00000000000000000000000000000000000011111111111111100111111111111111111111111111111111111111111000000000000000
00000000000000000000000000000000000011111111111111110111111111111111111111111111111111111111000000000000000000
00000000000000000000000000000000000001111111111111111111111111110000000000000000000000000000000000000000000000
00000000000000000000000000000000000000111111111111111111111111110000000000000000000000000000000000000000000000
00000000000000000000000000000000000000011111111111111111111111110000000000000000000000000000000000000000000000
00000000000000000000000000000000000000001111111111111111111111110000000000000000000000000000000000000000000000
00000000000000000000000000000000000000000011111111111111111111110000000000000000000000000000000000000000000000
00000000000000000000000000000000000000000011111111111111111111110000000000000000000000000000000000000000000000
00000000000000000000000000000000000000000001111111111111111111110000000000000000000000000000000000000000000000
00000000000000000000000000000000000000000000111111111111111111110000000000000000000000000000000000000000000000
00000000000000000000000000000000000000000000001111111111111111110000000000000000000000000000000000000000000000
00000000000000000000000000000000000000000000001111111111111111110000000000000000000000000000000000000000000000
00000000000000000000000000000000000000000000000111111111111111110000000000000000000000000000000000000000000000
00000000000000000000000000000000000000000000000011111111111111110000000000000000000000000000000000000000000000
00000000000000000000000000000000000000000000000001111111111111110000000000000000000000000000000000000000000000
00000000000000000000000000000000000000000000000000111111111111110000000000000000000000000000000000000000000000
00000000000000000000000000000000000000000000000000001111111111110000000000000000000000000000000000000000000000
00000000000000000000000000000000000000000000000000001111111111110000000000000000000000000000000000000000000000
00000000000000000000000000000000000000000000000000000111111111110000000000000000000000000000000000000000000000
00000000000000000000000000000000000000000000000000000011111111100000000000000000000000000000000000000000000000
00000000000000000000000000000000000000000000000000000000111111000000000000000000000000000000000000000000000000
00000000000000000000000000000000000000000000000000000000000000000000000000000000000000000000000000000000000000
00000000000000000000000000000000000000000000000000000000000000000000000000000000000000000000000000000000000000
00000000000000000000000000000000000000000000000000000000000000000000000000000000000000000000000000000000000000
00000000000000000000000000000000000000000000000000000000000000000000000000000000000000000000000000000000000000
00000000000000000000000000000000000000000000000000000000000000000000000000000000000000000000000000000000000000
00000000000000000000000000000000000000000000000000000000000000000000000000000000000000000000000000000000000000
00000000000000000000000000000000000000000000000000000000000000000000000000000000000000000000000000000000000000
00000000000000000000000000000000000000000000000000000000000000000000000000000000000000000000000000000000000000
00000000000000000000000000000000000000000000000000000000000000000000000000000000000000000000000000000000000000
00000000000000000000000000000000000000000000000000000000000000000000000000000000000000000000000000000000000000
0000